Before FLIP:

                  Variables
+-------+--------+------------+------------+
|Name   |Position|Print Format|Write Format|
+-------+--------+------------+------------+
|heading|       1|A16         |A16         |
|v1     |       2|F8.2        |F8.2        |
|v2     |       3|F8.2        |F8.2        |
|v3     |       4|F8.2        |F8.2        |
|v4     |       5|F8.2        |F8.2        |
|v5     |       6|F8.2        |F8.2        |
|v6     |       7|F8.2        |F8.2        |
+-------+--------+------------+------------+

                           Data List
+-------------+-------+-------+-------+-------+-------+-------+
|   heading   |   v1  |   v2  |   v3  |   v4  |   v5  |   v6  |
+-------------+-------+-------+-------+-------+-------+-------+
|date-of-birth|1970.00|1989.00|2001.00|1966.00|1976.00|1982.00|
|sex          |   1.00|    .00|    .00|   1.00|    .00|   1.00|
|score        |  10.00|  10.00|   9.00|   3.00|   8.00|   9.00|
+-------------+-------+-------+-------+-------+-------+-------+

After FLIP:

                     Variables
+-------------+--------+------------+------------+
|Name         |Position|Print Format|Write Format|
+-------------+--------+------------+------------+
|CASE_LBL     |       1|A8          |A8          |
|date_of_birth|       2|F8.2        |F8.2        |
|sex          |       3|F8.2        |F8.2        |
|score        |       4|F8.2        |F8.2        |
+-------------+--------+------------+------------+

             Data List
+--------+-------------+----+-----+
|CASE_LBL|date_of_birth| sex|score|
+--------+-------------+----+-----+
|v1      |      1970.00|1.00|10.00|
|v2      |      1989.00| .00|10.00|
|v3      |      2001.00| .00| 9.00|
|v4      |      1966.00|1.00| 3.00|
|v5      |      1976.00| .00| 8.00|
|v6      |      1982.00|1.00| 9.00|
+--------+-------------+----+-----+
